5.14705944
5.14705944
3.12500000
2.02205944
5.06465578
1.93965578
13.79310513
8.72844887
1.67487717
12.11822796
9.61038971
7.93551254
2.39234567
7.21804428
9.90712070
7.51477528
3.44332862
6.46379185
10.77235794
7.32902908
15.47619057
4.70383263
1.93452382
13.54166698
14.73214340
12.79761982
92.85714722
78.12500000
94.04761505
1.19046783
14.74359035
79.30402374
0.85470080
13.88888931
32.22222137
31.36752129
38.38709641
6.16487503
44.68339157
6.29629517
6.48148155
38.20191193
0.79365093
5.68783045
8.83458710
8.04093647
9.26315784
0.42857075
16.50000000
7.23684216
2.49999976
14.00000000
10.00000000
7.50000000
5.88235283
4.11764717
2.94117641
2.94117641
0.28462988
2.65654659
6.25610924
5.97147942
3.03030300
3.22580624
4.34782600
1.31752300
4.74308300
0.39525700
6.14973307
1.40665007
0.00000000
6.14973307
0.00000000
0.00000000
114.83659363
114.83659363
617.71350098
537.91125488

3.12151623
3.12151623
3.44202805
0.32051182
5.44871712
2.00668907
5.38461590
0.06410122
0.00000000
5.38461590
4.81481457
4.81481457
11.95767212
7.14285755
27.91208839
15.95441628
13.12217236
14.78991604
17.64705849
4.52488613
3.44827580
14.19878292
3.86879706
0.42052126
20.46070671
16.59190941
43.16239166
22.70168495
35.89743805
7.26495361
24.08424950
11.81318855
16.72932434
7.35492516
1.12781978
15.60150433
8.73015976
7.60233974
82.47863770
73.74847412
26.92307854
55.55555725
102.94117737
76.01809692
7.48663235
95.45454407
26.70454597
19.21791458
14.90384674
11.80069923
6.22710657
8.67674065
6.22710657
0.00000000
3.84615397
2.38095260
2.32558131
1.52057266
6.87103558
4.54545403
11.95286179
5.08182621
10.11011028
1.84275150
10.11011028
0.00000000
7.40740728
2.70270300
0.00000000
7.40740728
3.33333349
3.33333349
3.33333349
0.00000000
5.55555582
2.22222233
589.09741211
533.18334961

45.83333206
45.83333206
16.66666603
29.16666603
4.99999952
11.66666603
5.29411745
0.29411793
4.34173632
0.95238113
2.91858768
1.42314863
2.91858768
0.00000000
2.38095236
0.53763533
3.33333302
0.95238066
9.48718071
6.15384769
18.13186836
8.64468765
9.85221577
8.27965260
53.30459595
43.45238113
9.16666508
44.13793182
3.80952358
5.35714149
16.66666603
12.85714245
22.93232918
6.26566315
28.28947258
5.35714340
16.07142830
12.21804428
20.23809624
4.16666794
8.97435951
11.26373672
3.41880322
5.55555630
1.11111104
2.30769205
1.42857134
0.31746030
2.60504198
1.17647064
2.94117665
0.33613467
4.37405729
1.43288064
1.56075811
2.81329918
1.30434775
0.25641036
10.00000000
8.69565201
4.16666698
5.83333302
2.28494596
1.88172102
0.00000000
2.28494596
1.04620719
1.04620719
2.70270276
1.65649557
2.05920219
0.64350057
1.82072842
0.23847377
0.61559510
1.20513332
349.05163574
296.66174316

2.87356377
2.87356377
0.27959049
2.59397316
1.74880695
1.46921647
3.23529458
1.48648763
3.00000095
0.23529363
3.38461614
0.38461518
12.39316273
9.00854683
12.96296406
0.56980133
4.81481457
8.14814949
15.00000095
10.18518639
15.90909100
0.90909004
4.32900429
11.58008671
4.76190472
0.43290043
14.28571510
9.52381039
8.40336227
5.88235283
2.85204983
5.55131245
1.13636363
1.71568620
24.16666794
23.03030396
27.69230843
3.52564049
29.80769348
2.11538506
11.41304398
18.39464951
29.79066086
18.37761688
7.70370388
22.08695602
8.54545498
0.84175110
8.98989868
0.44444370
2.22222257
6.76767635
2.50000024
0.27777767
4.52898550
2.02898526
0.98176670
3.54721880
6.97471666
5.99294996
1.64512336
5.32959318
8.55539894
6.91027546
7.77502060
0.78037834
5.12820530
2.64681530
2.17391300
2.95429230
2.17391300
0.00000000
5.32959270
3.15567970
4.12186337
1.20772934
313.59048462
202.96623230

2.44444418
2.44444418
1.33333278
1.11111140
3.58974338
2.25641060
0.85470080
2.73504257
27.77777863
26.92307854
16.66666794
11.11111069
7.14285755
9.52381039
6.01503754
1.12782001
16.49122810
10.47619057
16.66666794
0.17543983
13.33333397
3.33333397
3.33333349
10.00000000
1.21212113
2.12121248
9.80861282
8.59649181
2.23285484
7.57575798
6.06060600
3.82775116
26.59090805
20.53030205
37.50000000
10.90909195
14.44444466
23.05555534
20.94017029
6.49572563
17.65734291
3.28282738
6.42292500
11.23441792
47.15719223
40.73426819
40.90056610
6.25662613
11.84669018
29.05387497
5.59006262
6.25662756
19.80676270
14.21669960
8.54700851
11.25975418
2.08706021
6.45994854
4.65116262
2.56410241
7.31707287
2.66591024
1.01626062
6.30081224
1.66666651
0.65040588
6.66666698
5.00000048
6.41025591
0.25641108
2.48868752
3.92156839
4.37202024
1.88333273
3.05832028
1.31369996
432.10150146
317.64099121

7.69230795
7.69230795
8.01282120
0.32051325
0.16666688
7.84615421
4.00000000
3.83333302
0.00000000
4.00000000
-0.00000000
-0.00000000
3.33333349
3.33333349
1.21212113
2.12121248
11.68831253
10.47619152
9.31677055
2.37154198
5.72082329
3.59594727
0.67669225
5.04413128
20.00000000
19.32330704
23.92856979
3.92856979
32.95454788
9.02597809
47.83549881
14.88095093
32.23443222
15.60106659
25.52447701
6.70995522
27.51196098
1.98748398
24.67105293
2.84090805
14.25000000
10.42105293
44.38095856
30.13095856
63.49206543
19.11110687
21.03174591
42.46031952
39.83516312
18.80341721
15.38461590
24.45054626
0.64102560
14.74359035
12.68115902
12.04013348
6.76328564
5.91787338
0.00000000
6.76328564
0.65359473
0.65359473
5.31309319
4.65949821
2.24403954
3.06905365
2.93225503
0.68821549
3.99709272
1.06483769
2.58152199
1.41557074
5.70652199
3.12500000
3.36538410
2.34113789
531.73382568
326.79205322

1.25646663
1.25646663
1.37857938
0.12211275
12.69565201
11.31707287
12.33333397
0.36231804
26.28205109
13.94871712
28.36538506
2.08333397
46.99074173
18.62535667
61.57406998
14.58332825
13.93678188
47.63728714
39.24949646
25.31271362
124.66063690
85.41114044
100.64102173
24.01961517
0.00000000
100.64102173
50.49020004
50.49020004
47.05882645
3.43137360
50.65359497
3.59476852
27.77777863
22.87581635
11.66666794
16.11111069
44.47368240
32.80701447
6.82261229
37.65106964
18.51852036
11.69590759
5.05050564
13.46801472
0.00000000
5.05050564
17.27272797
17.27272797
10.00000000
7.27272797
7.14285755
2.85714245
3.69458151
3.44827604
3.44827580
0.24630570
7.14285755
3.69458175
1.19047618
5.95238113
4.76190472
3.57142854
0.63025224
4.13165236
0.90497750
0.27472526
1.70940161
0.80442411
1.70940161
0.00000000
4.04858255
2.33918095
0.43859705
3.60998559
0.49019605
0.05159900
796.46179199
598.02331543

4.00000000
4.00000000
1.26315808
2.73684192
2.63157892
1.36842084
7.89473629
5.26315737
30.52631569
22.63158035
20.00000000
10.52631569
17.14285851
2.85714149
41.14285660
23.99999809
36.50000000
4.64285660
12.50000000
24.00000000
18.91891861
6.41891861
32.80780792
13.88888931
19.77124214
13.03656578
0.00000000
19.77124214
5.88235283
5.88235283
6.89655161
1.01419878
0.00000000
6.89655161
3.05039763
3.05039763
1.55925155
1.49114609
3.16602325
1.60677171
4.57142878
1.40540552
1.55555570
3.01587296
5.87301588
4.31746006
23.35403824
17.48102188
18.55072594
4.80331230
20.35087395
1.80014801
56.03715134
35.68627930
22.40896416
33.62818909
16.66666794
5.74229622
17.03296661
0.36629868
38.46154022
21.42857361
27.77777863
10.68376160
0.79365075
26.98412704
59.12698364
58.33333206
30.55555534
28.57142830
11.76470566
18.79084969
4.36432600
7.40037966
7.03812218
2.67379618
631.93804932
458.19592285

15.90909100
15.90909100
21.59090996
5.68181896
60.64814758
39.05723572
91.89814758
31.25000000
16.47727203
75.42087555
42.27272797
25.79545593
73.00000000
30.72727203
79.66667175
6.66667175
3.66666603
76.00000763
94.60869598
90.94203186
28.50242233
66.10627747
36.11111450
7.60869217
55.00000000
18.88888550
53.33333588
1.66666412
54.16666412
0.83332825
32.50000381
21.66666031
71.72414398
39.22414017
48.27585983
23.44828415
28.57143021
19.70442963
19.25465775
9.31677246
33.54037476
14.28571701
39.28571320
5.74533844
4.99999952
34.28571320
13.33333206
8.33333206
9.29824543
4.03508663
1.71624720
7.58199835
1.22282612
0.49342108
0.09469688
1.12812924
3.03030300
2.93560600
7.69230795
4.66200495
5.25328350
2.43902445
4.53772020
0.71556330
1.71358657
2.82413363
5.26315784
3.54957128
5.55555582
0.29239798
2.32974935
3.22580647
0.28462988
2.04511952
2.05882359
1.77419376
1068.38830566
706.26672363

0.20833351
0.20833351
1.87500012
1.66666663
9.76190472
7.88690472
0.00000000
9.76190472
8.21018028
8.21018028
6.30541897
1.90476131
1.14285707
5.16256189
7.22580624
6.08294916
3.22580624
4.00000000
0.00000000
3.22580624
3.12500000
3.12500000
5.45058155
2.32558155
5.65891504
0.20833349
3.33333349
2.32558155
0.00000000
3.33333349
10.71428585
10.71428585
25.86580276
15.15151691
9.26916313
16.59663963
5.88235283
3.38681030
0.00000000
5.88235283
0.00000000
0.00000000
0.00000000
0.00000000
0.00000000
0.00000000
0.00000000
0.00000000
0.00000000
0.00000000
0.00000000
0.00000000
21.21212196
21.21212196
46.21212006
24.99999809
25.00000000
21.21212006
0.00000000
25.00000000
0.00000000
0.00000000
0.00000000
0.00000000
0.00000000
0.00000000
0.00000000
0.00000000
0.00000000
0.00000000
4.76190472
4.76190472
4.32900429
0.43290043
0.75757575
3.57142854
209.52746582
212.34997559

0.00000000
0.00000000
0.00000000
0.00000000
3.33333349
3.33333349
1.11111128
2.22222233
3.83838415
2.72727299
3.28282857
0.55555558
0.07936507
3.20346355
2.85714293
2.77777791
0.00000000
2.85714293
21.62162209
21.62162209
2.37837744
19.24324417
33.52381134
31.14543343
15.47619057
18.04762077
29.54545593
14.06926537
7.10955715
22.43589783
2.56410265
4.54545450
11.11111164
8.54700851
8.61111164
2.50000000
2.50000000
6.11111164
0.00000000
2.50000000
4.76190472
4.76190472
23.80952454
19.04761887
13.53383350
10.27569103
47.51066971
33.97683716
19.59459496
27.91607475
95.27027130
75.67567444
11.64957905
83.62068939
53.49248505
41.84290695
24.04712486
29.44536018
25.90866661
1.86154175
44.82758713
18.91892052
0.00000000
44.82758713
0.00000000
0.00000000
3.12500000
3.12500000
34.15948105
31.03448105
42.79918671
8.63970566
1.50829554
41.29088974
2.56410241
1.05580688
597.50579834
645.76013184

8.33333397
8.33333397
4.87804842
3.45528555
1.30661988
3.57142854
1.39751565
0.09089577
0.09881426
1.29870141
2.27272725
2.17391300
0.00000000
2.27272725
0.00000000
0.00000000
0.00000000
0.00000000
0.00000000
0.00000000
0.00000000
0.00000000
0.00000000
0.00000000
0.00000000
0.00000000
0.00000000
0.00000000
0.00000000
0.00000000
0.00000000
0.00000000
0.00000000
0.00000000
6.66666698
6.66666698
1.02564096
5.64102602
7.69230795
6.66666698
0.00000000
7.69230795
0.00000000
0.00000000
5.88235283
5.88235283
36.18538284
30.30303001
30.30303192
5.88235092
0.00000000
30.30303192
70.37036896
70.37036896
32.27513123
38.09523773
33.74741364
1.47228241
18.14093018
15.60648346
16.64167786
1.49925232
30.43478203
13.79310417
0.00000000
30.43478203
4.54545450
4.54545450
1.51515150
3.03030300
3.03030300
1.51515150
48.48484802
45.45454407
53.89025879
5.40541077
419.11871338
351.45605469

0.00000000
0.00000000
1.72764254
1.72764254
1.60256422
0.12507832
7.96221352
6.35964918
13.65131569
5.68910217
2.43055558
11.22076035
24.60317421
22.17261887
38.40245438
13.79928017
29.03225708
9.37019730
14.94057751
14.09167957
25.85139275
10.91081524
17.88553238
7.96586037
5.99294996
11.89258194
2.44565225
3.54729772
6.25000000
3.80434775
8.10810757
1.85810757
2.22575474
5.88235283
2.03619909
0.18955564
0.62034762
1.41585147
4.18160105
3.56125355
3.40740752
0.77419353
1.55555570
1.85185182
4.97076035
3.41520452
26.31579018
21.34502983
29.82456398
3.50877380
4.76190472
25.06266022
57.63546753
52.87356186
16.17405510
41.46141052
15.80086613
0.37318897
10.98484707
4.81601906
36.30952072
25.32467270
9.52380943
26.78571129
12.96296310
3.43915367
59.62963104
46.66666794
4.35897398
55.27065659
35.31844711
30.95947266
4.60829592
30.71015167
3.57142901
1.03686690
547.66448975
511.25924683

4.36432600
4.36432600
4.23529387
0.12903214
2.04651070
2.18878317
11.25078678
9.20427608
13.51351452
2.26272774
16.68918991
3.17567539
29.88095284
13.19176292
57.61904907
27.73809624
22.50000191
35.11904907
22.11538315
0.38461876
3.84615374
18.26922989
47.80219650
43.95604324
21.42856979
26.37362671
34.37500000
12.94643021
25.38109779
8.99390221
51.78237152
26.40127373
21.79486847
29.98750305
62.28070068
40.48583221
13.05263233
49.22806931
1.74999976
11.30263233
18.01470566
16.26470566
3.43137240
14.58333302
13.09523869
9.66386604
13.98809528
0.89285660
11.05769157
2.93040371
11.69230747
0.63461590
12.33333397
0.64102650
8.33333397
4.00000000
0.00000000
8.33333397
0.00000000
0.00000000
2.43902421
2.43902421
2.43902421
0.00000000
2.70270276
0.26367855
5.20270300
2.50000024
5.44117641
0.23847342
2.94117641
2.50000000
4.00000000
1.05882359
4.00000000
0.00000000
588.82043457
432.64703369

1.71428466
1.71428466
8.73015976
7.01587486
2.85285282
5.87730694
30.63063049
27.77777863
23.33333588
7.29729462
21.11111069
2.22222519
37.77777863
16.66666794
26.66666794
11.11111069
20.00000000
6.66666794
93.33333588
73.33333588
88.71794891
4.61538696
10.38461590
78.33333588
55.00000000
44.61538315
43.78378677
11.21621323
34.39803314
9.38575363
36.36363602
1.96560287
11.68831253
24.67532349
32.33082962
20.64251709
10.52631569
21.80451393
5.88235283
4.64396286
14.97326183
9.09090900
5.19480562
9.77845573
21.78571510
16.59090996
19.26470757
2.52100754
11.76470566
7.50000191
-0.00000000
11.76470566
3.57142878
3.57142878
0.44642872
3.12500000
5.50595236
5.05952358
3.86904764
1.63690472
6.25000000
2.38095236
0.00000000
6.25000000
7.69230795
7.69230795
7.69230795
0.00000000
3.84615397
3.84615397
0.50167215
3.34448195
22.52964592
22.02797318
24.84848404
2.31883812
754.96252441
500.08010864

3.20197058
3.20197058
2.85714269
0.34482789
1.11111104
1.74603164
2.52525282
1.41414177
8.08080864
5.55555582
5.98290586
2.09790277
6.41025591
0.42735004
0.42735040
5.98290539
0.00000000
0.42735040
2.22222209
2.22222209
0.37037021
1.85185194
3.70370364
3.33333349
-0.00000000
3.70370364
7.14285755
7.14285755
1.58730185
5.55555582
10.20671844
8.61941624
8.22259140
1.98412704
5.25210094
2.97049046
14.08668709
8.83458614
5.26315784
8.82352924
0.00000000
5.26315784
0.00000000
0.00000000
0.00000000
0.00000000
0.00000000
0.00000000
38.46154022
38.46154022
50.46153641
11.99999619
12.00000000
38.46153641
6.66666698
5.33333302
2.82051301
3.84615397
0.50167215
2.31884098
4.74308300
4.24141073
3.53535366
1.20772934
4.44444466
0.90909100
5.00000000
0.55555534
1.00000012
4.00000000
4.69565248
3.69565248
0.00000000
4.69565248
1.64917564
1.64917564
224.63415527
202.87852478

10.47619152
10.47619152
2.98850608
7.48768520
2.69865012
0.28985596
0.11441708
2.58423305
0.17543882
0.06102175
4.05797052
3.88253164
2.23978901
1.81818151
12.51993656
10.28014755
8.47953224
4.04040432
2.40240169
6.07713032
7.95795774
5.55555630
6.94444466
1.01351309
0.37878752
6.56565714
1.01010132
0.63131380
5.01792049
4.00781918
3.43618536
1.58173513
8.02675533
4.59056997
11.53846169
3.51170635
45.45454788
33.91608429
100.00000000
54.54545212
14.54545593
85.45454407
36.77419281
22.22873688
3.22580624
33.54838562
2.77777791
0.44802833
2.77777791
0.00000000
4.00000000
1.22222209
6.94117641
2.94117641
2.94117641
4.00000000
0.00000000
2.94117641
0.00000000
0.00000000
7.14285755
7.14285755
7.14285755
0.00000000
0.00000000
7.14285755
5.00000000
5.00000000
2.67441869
2.32558131
3.92441869
1.25000000
1.15740752
2.76701117
4.07407379
2.91666627
341.01730347
344.24597168

2.95652151
2.95652151
1.04347837
1.91304314
3.62500024
2.58152199
5.09868431
1.47368407
3.75939894
1.33928537
3.17460370
0.58479524
0.39682537
2.77777839
1.19047618
0.79365081
0.47619045
0.71428573
3.63636398
3.16017342
0.30303001
3.33333397
4.76190519
4.45887518
1.68498158
3.07692361
0.25641024
1.42857134
0.00000000
0.25641024
2.85714269
2.85714269
3.49544072
0.63829803
2.94599009
0.54945064
7.69230795
4.74631786
13.33333397
5.64102602
45.68627548
32.35294342
37.75834656
7.92792892
7.73098707
30.02735901
6.02928495
1.70170212
11.70370388
5.67441893
0.69565248
11.00805092
21.19565392
20.50000191
12.50000000
8.69565392
0.00000000
12.50000000
0.00000000
0.00000000
-0.00000000
-0.00000000
2.94117641
2.94117641
0.56022406
2.38095236
2.38095236
1.82072830
0.00000000
2.38095236
3.70370364
3.70370364
0.00000000
3.70370364
6.82870388
6.82870388
222.40274048
199.42906189

0.25947094
0.25947094
12.03647423
11.77700329
2.85714293
9.17933083
6.45161247
3.59446955
34.57402802
28.12241554
21.67080307
12.90322495
7.59013224
14.08067131
24.80818367
17.21805191
1.61490667
23.19327736
28.57143021
26.95652390
10.47619057
18.09523964
56.66666794
46.19047546
30.00000191
26.66666603
5.29411745
24.70588493
24.38330269
19.08918571
3.95894504
20.42435837
29.02098083
25.06203651
23.49272346
5.52825737
23.89189148
0.39916801
45.04347610
21.15158463
25.54347801
19.49999809
19.31818199
6.22529602
20.05347633
0.73529434
12.23529339
7.81818295
28.63158035
16.39628601
12.63158035
16.00000000
6.66666603
5.96491432
6.14035130
0.52631474
19.47368622
13.33333492
32.50000000
13.02631378
20.50000000
12.00000000
10.38095188
10.11904812
13.74458981
3.36363792
17.80302811
4.05843830
26.22548866
8.42246056
4.46623135
21.75925827
8.21759224
3.75136089
15.48611259
7.26852036
692.68090820
524.86590576

4.67033005
4.67033005
2.48139048
2.18893957
3.76344180
1.28205132
12.31884098
8.55539894
7.41688013
4.90196085
22.87581635
15.45893669
39.68254089
16.80672455
1.54440403
38.13813782
14.52702618
12.98262215
12.50000000
2.02702618
24.00000000
11.50000000
4.55555487
19.44444466
5.15873003
0.60317516
4.46428490
0.69444513
29.86111069
25.39682579
6.94444466
22.91666603
6.94444466
0.00000000
14.20635033
7.26190567
2.36453199
11.84181786
14.77832603
12.41379356
28.57143021
13.79310417
45.45454788
16.88311768
25.45454407
20.00000381
4.37500048
21.07954407
11.64772797
7.27272749
1.29870176
10.34902573
14.90682983
13.60812759
0.00000000
14.90682983
43.47826004
43.47826004
20.00000000
23.47826004
10.90909100
9.09090900
3.53535366
7.37373734
1.98412681
1.55122685
29.76190376
27.77777672
25.00000000
4.76190376
1.01626062
23.98373985
11.43292713
10.41666603
2.08333278
9.34959412
515.96850586
498.23974609

10.78431416
10.78431416
1.01419878
9.77011490
1.76834655
0.75414777
3.96270418
2.19435763
2.90909028
1.05361390
17.00000000
14.09090996
7.43902493
9.56097507
42.00542068
34.56639481
41.11111069
0.89431000
10.45977020
30.65134048
9.94694996
0.51282024
31.11888123
21.17193222
32.40093231
1.28205109
7.91527319
24.48565865
18.59903336
10.68375969
2.77777791
15.82125568
4.16666651
1.38888860
14.82558060
10.65891457
37.67441940
22.84883881
13.68420982
23.99020958
8.66873074
5.01547909
13.12217236
4.45344162
0.00000000
13.12217236
5.59440565
5.59440565
21.36363602
15.76922989
5.00000048
16.36363602
13.44827557
8.44827461
23.44827652
10.00000095
25.88235474
2.43407822
16.99346542
8.88888931
55.55555725
38.56209183
59.25925827
3.70370102
5.92592669
53.33333206
7.08333397
1.15740728
4.86111116
2.22222281
4.04040432
0.82070684
11.81818199
7.77777767
13.33333397
1.51515198
606.96203613
446.34680176

3.38345838
3.38345838
2.83400798
0.54945040
16.02564240
13.19163418
14.58333397
1.44230843
15.97222233
1.38888836
8.58585835
7.38636398
10.18808746
1.60222912
5.64263344
4.54545403
4.09090948
1.55172396
7.94117689
3.85026741
12.03208542
4.09090853
4.32900429
7.70308113
4.76190472
0.43290043
4.34782600
0.41407871
1.84782612
2.50000000
2.50000000
0.65217388
7.14285755
4.64285755
44.64285660
37.50000000
26.13636208
18.50649452
74.74747467
48.61111450
68.88889313
5.85858154
124.44445038
55.55555725
44.44444656
80.00000000
2.85714293
41.58730316
19.52380943
16.66666603
20.37037086
0.84656143
2.74790907
17.62246132
33.72434235
30.97643280
15.50802326
18.21632004
18.43137360
2.92335033
1.11111140
17.32026291
10.81871414
9.70760250
15.26315784
4.44444370
15.26315784
0.00000000
2.73684192
12.52631569
4.00000000
1.26315808
4.00000000
0.00000000
6.81818199
2.81818199
682.68750000
482.27853394

6.61764717
6.61764717
6.25000000
0.36764717
24.30555534
18.05555534
13.24786377
11.05769157
2.42915010
10.81871414
3.82775140
1.39860129
9.09090900
5.26315784
10.48951054
1.39860153
10.91811466
0.42860413
3.22580624
7.69230843
2.56410265
0.66170359
5.76923132
3.20512867
0.55555552
5.21367598
23.17460442
22.61904907
9.74026012
13.43434429
10.79545498
1.05519485
2.08333349
8.71212196
2.19298220
0.10964870
50.07974625
47.88676453
55.34290695
5.26316071
9.80861282
45.53429413
22.72727394
12.91866112
11.81818199
10.90909195
53.80952454
41.99134064
35.80952454
18.00000000
15.22580719
20.58371735
12.11469555
3.11111164
11.11111164
1.00358391
22.70270348
11.59159184
6.70270252
16.00000000
2.38297892
4.31972361
2.31267357
0.07030535
4.69565248
2.38297892
3.50000048
1.19565201
7.50000048
4.00000000
2.22222233
5.27777815
8.88888931
6.66666698
21.11111069
12.22222137
507.14410400
389.03799438

0.43290034
0.43290034
2.11640215
1.68350184
10.23965168
8.12324905
22.19251442
11.95286274
14.54545593
7.64705849
1.76470578
12.78075027
6.20915031
4.44444466
8.68055534
2.47140503
8.12500000
0.55555534
10.55555534
2.43055534
23.47670174
12.92114639
83.57771301
60.10101318
40.25974274
43.31797028
20.73732758
19.52241516
17.88018417
2.85714340
59.25465775
41.37447357
81.91699982
22.66234207
24.56710052
57.34989929
2.38095236
22.18614769
61.42857742
59.04762650
56.66667175
4.76190567
42.44663239
14.22003937
30.54187393
11.90475845
27.18893814
3.35293579
18.96383095
8.22510719
9.90676022
9.05707073
2.40384603
7.50291443
2.44565225
0.04180622
3.14009666
0.69444442
2.77777791
0.36231875
1.19047618
1.58730173
3.96825361
2.77777743
6.76328564
2.79503202
4.34782600
2.41545963
6.89655161
2.54872561
6.89655161
0.00000000
0.00000000
6.89655161
0.00000000
0.00000000
726.88696289
473.00665283

2.92207813
2.92207813
1.62337649
1.29870164
3.40909052
1.78571403
6.61764717
3.20855665
0.61919504
5.99845219
3.82775140
3.20855641
0.51948059
3.30827093
3.80952406
3.29004335
9.10973072
5.30020666
9.34782600
0.23809528
5.00000000
4.34782600
30.00000191
25.00000191
46.12903214
16.12903023
16.12903214
30.00000000
3.03030300
13.09872913
30.30303192
27.27272797
38.73873901
8.43570709
50.15015030
11.41141129
55.55555725
5.40540695
33.33333588
22.22222137
26.43678284
6.89655304
33.36714172
6.93035889
26.47058868
6.89655304
0.00000000
26.47058868
0.00000000
0.00000000
0.00000000
0.00000000
4.76190472
4.76190472
4.76190472
0.00000000
0.00000000
4.76190472
0.00000000
0.00000000
0.00000000
0.00000000
0.00000000
0.00000000
0.00000000
0.00000000
0.00000000
0.00000000
0.00000000
0.00000000
0.00000000
0.00000000
0.00000000
0.00000000
0.00000000
0.00000000
445.97320557
250.59954834

9.03474998
9.03474998
0.00000000
9.03474998
4.93537045
4.93537045
0.84835589
4.08701468
5.05226469
4.20390892
5.35714245
0.30487776
0.54347813
4.81366444
6.79347801
6.25000000
1.25000024
5.54347801
10.68181801
9.43181801
6.81818199
3.86363602
0.63636303
6.18181896
2.90909028
2.27272725
13.25757694
10.34848690
16.66666794
3.40909100
12.50000000
4.16666794
0.00000000
12.50000000
0.00000000
0.00000000
0.00000000
0.00000000
8.82352924
8.82352924
17.91443825
9.09090900
118.68686676
100.77243042
130.55555725
11.86869049
11.50793743
119.04762268
8.88031006
2.62762737
5.40540552
3.47490454
8.57142925
3.16602373
5.79365110
2.77777815
1.57004833
4.22360277
1.90217388
0.33212554
14.94565296
13.04347897
20.69565201
5.74999905
10.22222233
10.47342968
2.99145269
7.23076963
22.80219841
19.81074524
16.07142830
6.73077011
4.16666698
11.90476131
3.33333302
0.83333397
512.12445068
442.36456299

0.42735040
0.42735040
3.43035388
3.00300360
4.39189243
0.96153855
7.95454550
3.56265306
4.54545450
3.40909100
0.00000000
4.54545450
7.40740728
7.40740728
0.00000000
7.40740728
0.70070028
0.70070028
8.10810757
7.40740728
0.00000000
8.10810757
0.00000000
0.00000000
0.00000000
0.00000000
0.00000000
0.00000000
0.00000000
0.00000000
0.00000000
0.00000000
0.00000000
0.00000000
0.00000000
0.00000000
0.00000000
0.00000000
0.00000000
0.00000000
20.00000000
20.00000000
20.00000000
0.00000000
0.00000000
20.00000000
0.00000000
0.00000000
0.00000000
0.00000000
8.33333397
8.33333397
18.13725471
9.80392075
44.11764908
25.98039436
17.64705849
26.47059059
4.16666698
13.48039150
18.91025543
14.74358845
9.42307568
9.48717976
32.50000000
23.07692337
18.18181801
14.31818199
24.43181801
6.25000000
10.41666698
14.01515102
16.66666794
6.25000095
0.00000000
16.66666794
299.89807129
275.81643677

1.23839009
1.23839009
1.43540645
0.19701636
0.00000000
1.43540645
6.29370642
6.29370642
7.69230795
1.39860153
7.69230795
0.00000000
0.00000000
7.69230795
0.00000000
0.00000000
0.00000000
0.00000000
0.00000000
0.00000000
0.00000000
0.00000000
0.00000000
0.00000000
0.00000000
0.00000000
0.00000000
0.00000000
0.00000000
0.00000000
0.00000000
0.00000000
0.00000000
0.00000000
0.00000000
0.00000000
0.00000000
0.00000000
0.00000000
0.00000000
0.00000000
0.00000000
0.00000000
0.00000000
0.00000000
0.00000000
0.00000000
0.00000000
0.00000000
0.00000000
16.12903214
16.12903214
19.35483742
3.22580528
3.22580624
16.12903214
8.57142925
5.34562302
8.57142925
0.00000000
17.24137878
8.66994953
14.91579819
2.32558060
9.22213364
5.69366455
17.42286682
8.20073318
3.85964894
13.56321812
13.33333206
9.47368336
3.78378487
9.54954720
0.08718371
3.69660115
160.07078552
120.25790405

14.89028358
14.89028358
8.71212196
6.17816162
4.16666698
4.54545498
2.70270276
1.46396422
6.15097904
3.44827628
3.44827580
2.70270324
4.34782600
0.89955020
0.00000000
4.34782600
4.34782600
4.34782600
0.00000000
4.34782600
0.00000000
0.00000000
0.00000000
0.00000000
3.44827580
3.44827580
0.59113300
2.85714293
0.98901111
0.39787811
7.29442978
6.30541849
2.61233044
4.68209934
10.22727299
7.61494255
4.16666698
6.06060600
2.77777791
1.38888907
6.00358391
3.22580600
6.35080624
0.34722233
0.18382353
6.16698265
2.94117641
2.75735283
2.85714293
0.08403349
3.20346355
0.34632063
9.72886658
6.52540302
9.12280560
0.60606098
1.02564096
8.09716415
9.32896805
8.30332756
4.90006351
4.42890453
8.67293644
3.77287292
3.21839118
5.45454502
2.31884074
0.89955044
9.28853798
6.96969700
0.81585050
8.47268772
0.69930106
0.11654943
1.01010132
0.31080025
162.54389954
146.81242371

3.38345838
3.38345838
3.20924306
0.17421532
3.20924306
0.00000000
3.62976408
0.42052102
2.35109711
1.27866697
3.78787899
1.43678188
3.33333349
0.45454550
0.00000000
3.33333349
8.33333397
8.33333397
10.22988510
1.89655113
1.01419878
9.21568680
20.16806793
19.15386963
14.28571510
5.88235283
0.00000000
14.28571510
0.00000000
0.00000000
5.55555582
5.55555582
22.22222328
16.66666794
16.66666794
5.55555534
0.00000000
16.66666794
0.00000000
0.00000000
5.26315784
5.26315784
13.59649181
8.33333397
8.33333397
5.26315784
37.25490189
28.92156792
3.32480812
33.93009186
31.60535049
28.28054237
13.24786377
18.35748672
25.55555725
12.30769348
28.88888931
3.33333206
1.11111104
27.77777863
10.00000000
8.88888931
0.00000000
10.00000000
0.00000000
0.00000000
0.00000000
0.00000000
0.00000000
0.00000000
2.77777791
2.77777791
0.07936507
2.69841290
2.85714293
2.77777791
305.27542114
312.60446167

0.00000000
0.00000000
3.12500000
3.12500000
3.12500000
0.00000000
2.50000000
0.62500000
2.50000000
0.00000000
3.03030300
0.53030300
0.09469688
2.93560600
3.12500000
3.03030300
5.55555582
2.43055582
1.98412681
3.57142901
13.09523869
11.11111164
19.44444466
6.34920597
8.33333397
11.11111069
52.77777863
44.44444275
7.05128002
45.72649765
6.61538553
0.43589449
17.28571320
10.67032814
0.91362149
16.37209129
2.93225503
2.01863360
3.14009666
0.20784163
2.32974935
0.81034732
8.22580624
5.89605713
5.00000000
3.22580624
11.11111164
6.11111164
6.53594828
4.57516336
0.00000000
6.53594828
47.27668762
47.27668762
22.73307800
24.54360962
6.89655161
15.83652687
0.00000000
6.89655161
0.00000000
0.00000000
2.12765956
2.12765956
2.12765956
0.00000000
8.69565201
6.56799221
2.02898526
6.66666698
2.82051301
0.79152775
0.91575086
1.90476215
5.95238113
5.03663015
291.40634155
309.49838257

0.00000000
0.00000000
0.00000000
0.00000000
3.33333349
3.33333349
1.66666651
1.66666698
0.00000000
1.66666651
1.24999988
1.24999988
0.72674453
0.52325535
5.52325535
4.79651070
3.40909052
2.11416483
0.75757575
2.65151477
2.45098066
1.69340491
18.11764717
15.66666603
10.66666508
7.45098209
17.68115997
7.01449490
8.51449299
9.16666698
1.04166675
7.47282600
2.13815784
1.09649110
2.73684192
0.59868407
1.52380991
1.21303201
3.64145684
2.11764693
8.70098019
5.05952358
14.58333302
5.88235283
5.00000000
9.58333302
5.00000000
0.00000000
0.00000000
5.00000000
0.00000000
0.00000000
0.00000000
0.00000000
9.09090900
9.09090900
2.42424226
6.66666698
6.84684610
4.42260361
1.01351285
5.83333302
3.40909052
2.39557767
2.33766222
1.07142830
7.58241701
5.24475479
3.56125355
4.02116346
2.59259272
0.96866083
1.66666651
0.92592621
2.01149440
0.34482789
161.00054932
138.00407410

2.61437917
2.61437917
0.56022406
2.05415511
0.47619045
0.08403361
0.71428585
0.23809540
3.57142878
2.85714293
3.57142878
0.00000000
0.77639747
2.79503131
0.89955032
0.12315285
0.50709939
0.39245093
2.94117641
2.43407702
0.00000000
2.94117641
0.00000000
0.00000000
4.54545450
4.54545450
1.51515150
3.03030300
7.31452465
5.79937315
10.34482765
3.03030300
2.32558131
8.01924610
21.07558060
18.75000000
29.86111069
8.78553009
0.31746030
29.54364967
5.87301588
5.55555534
10.31746006
4.44444418
9.30735874
1.01010132
4.54545450
4.76190424
1.94805193
2.59740257
7.14285755
5.19480562
3.70370364
3.43915391
0.14245026
3.56125331
3.84615397
3.70370364
2.56410265
1.28205132
5.06410265
2.50000000
5.20270300
0.13860035
1.64512336
3.55757952
0.19762851
1.44749486
1.51515150
1.31752300
8.29346085
6.77830935
10.14120674
1.84774590
0.71138179
9.42982483
176.09323120
160.60501099

4.00000000
4.00000000
23.80952454
19.80952454
28.25396919
4.44444466
27.26287270
0.99109650
19.70731544
7.55555725
12.00000000
7.70731544
12.50000000
0.50000000
15.35714245
2.85714245
2.69841266
12.65872955
8.58585835
5.88744545
5.41125536
3.17460299
6.22710657
0.81585121
1.15384603
5.07326031
30.64102745
29.48718071
61.12489700
30.48386955
52.15053558
8.97436142
20.83333397
31.31720161
40.27777863
19.44444466
59.25925827
18.98147964
1.85185218
57.40740585
7.97101498
6.11916256
12.69565201
4.72463703
0.77419353
11.92145824
2.03735161
1.26315808
9.10931206
7.07196045
3.84615397
5.26315784
2.50000000
1.34615397
13.62903118
11.12903118
18.90680885
5.27777767
5.90277767
13.00403118
3.12500000
2.77777767
0.00000000
3.12500000
4.34782600
4.34782600
1.90880191
2.43902397
0.00000000
1.90880191
2.43902421
2.43902421
0.00000000
2.43902421
2.32558131
2.32558131
524.62451172
360.49349976

0.00000000
0.00000000
5.88235283
5.88235283
0.00000000
5.88235283
3.66013050
3.66013050
7.15277767
3.49264717
9.37500000
2.22222233
-0.00000000
9.37500000
3.84615397
3.84615397
3.84615397
0.00000000
2.43902421
1.40712976
2.43902421
0.00000000
4.16666698
1.72764277
4.16666698
0.00000000
0.00000000
4.16666698
0.00000000
0.00000000
0.00000000
0.00000000
0.00000000
0.00000000
12.50000000
12.50000000
12.50000000
0.00000000
3.22580624
9.27419376
0.00000000
3.22580624
3.22580624
3.22580624
4.54545450
1.31964827
1.70454526
2.84090924
27.87162018
26.16707420
13.28828907
14.58333111
8.33333397
4.95495510
3.57142878
4.76190519
29.76190376
26.19047546
83.33333588
53.57143402
50.00000000
33.33333588
18.51851845
31.48148155
21.22122002
2.70270157
2.70270276
18.51851654
8.33333397
5.63063145
19.44444466
11.11111069
16.37426949
3.07017517
2.40601516
13.96825409
389.83599854
324.09405518

0.11074208
0.11074208
2.75624466
2.64550257
3.70370364
0.94745898
1.13960111
2.56410265
0.34188032
0.79772079
2.77777791
2.43589759
2.36842108
0.40935683
2.63157892
0.26315784
4.34782600
1.71624708
1.84782612
2.50000000
2.50000000
0.65217388
1.29629636
1.20370364
0.14245026
1.15384614
1.52057266
1.37812245
2.32558131
0.80500865
4.76190472
2.43632340
4.76190472
0.00000000
0.00000000
4.76190472
4.54545450
4.54545450
4.54545450
0.00000000
11.11111164
6.56565714
25.74525833
14.63414669
6.30081224
19.44444656
17.42424393
11.12343216
37.57575607
20.15151215
96.66667175
59.09091568
46.55172348
50.11494827
7.29442978
39.25729370
26.06837845
18.77394867
16.33987045
9.72850800
11.76470566
4.57516479
12.33396530
0.56925964
6.45161247
5.88235283
0.00000000
6.45161247
5.88235283
5.88235283
1.53452682
4.34782600
1.49068332
0.04384351
8.25396824
6.76328468
387.21530151
314.72723389

4.70219421
4.70219421
9.09090900
4.38871479
0.00000000
9.09090900
0.00000000
0.00000000
12.50000000
12.50000000
1.78571486
10.71428490
14.28571510
12.50000000
0.00000000
14.28571510
0.00000000
0.00000000
0.00000000
0.00000000
0.00000000
0.00000000
0.00000000
0.00000000
0.00000000
0.00000000
0.00000000
0.00000000
0.00000000
0.00000000
0.00000000
0.00000000
0.00000000
0.00000000
0.00000000
0.00000000
0.00000000
0.00000000
0.00000000
0.00000000
0.00000000
0.00000000
0.00000000
0.00000000
0.00000000
0.00000000
0.00000000
0.00000000
30.43478203
30.43478203
41.86335373
11.42857170
11.42857170
30.43478203
0.00000000
11.42857170
0.00000000
0.00000000
3.33333349
3.33333349
11.02564144
7.69230795
7.69230795
3.33333349
0.00000000
7.69230795
0.00000000
0.00000000
0.00000000
0.00000000
0.00000000
0.00000000
0.00000000
0.00000000
0.00000000
0.00000000
148.14251709
173.95979309

0.48076957
0.48076957
5.43766594
4.95689631
1.59151256
3.84615326
4.02097940
2.42946672
6.28342247
2.26244307
0.25575459
6.02766800
6.86498880
6.60923433
1.23839009
5.62659883
0.00000000
1.23839009
1.56862807
1.56862807
0.83333403
0.73529404
5.35714245
4.52380848
2.85714269
2.49999976
4.11764717
1.26050448
2.81329942
1.30434775
4.46224308
1.64894366
9.82456207
5.36231899
5.00000000
4.82456207
1.01626062
3.98373938
4.81707287
3.80081224
5.83333397
1.01626110
5.00000000
0.83333397
0.70175457
4.29824543
0.70175457
0.00000000
7.17948771
6.47773314
6.87645674
0.30303097
3.03030300
3.84615374
0.00000000
3.03030300
2.32558131
2.32558131
4.70653391
2.38095260
2.38095236
2.32558155
0.00000000
2.38095236
-0.00000000
-0.00000000
0.00000000
0.00000000
5.00000000
5.00000000
8.70370388
3.70370388
6.08465576
2.61904812
2.16450214
3.92015362
129.52983093
109.45162201

0.70028007
0.70028007
5.67765570
4.97737551
3.05039763
2.62725806
4.86815405
1.81775641
5.51470613
0.64655209
1.64473653
3.86996961
0.99818480
0.64655173
0.07836968
0.91981512
6.81818199
6.73981237
6.49350643
0.32467556
1.19047618
5.30303001
1.88172090
0.69124472
2.88018394
0.99846303
4.76190472
1.88172078
5.47619104
0.71428633
0.41811857
5.05807257
1.13240445
0.71428585
0.23809522
0.89430922
0.47619063
0.23809540
0.00000000
0.47619063
0.15444010
0.15444010
6.03603649
5.88159657
6.55913925
0.52310276
0.52310359
6.03603554
2.29729724
1.77419364
5.00000000
2.70270276
4.16666698
0.83333302
4.16666698
0.00000000
8.33333397
4.16666698
2.08333349
6.25000048
0.13297871
1.95035481
1.02442873
0.89145005
1.15740752
0.13297880
0.64655173
0.51085579
13.69168472
13.04513264
10.24340725
3.44827747
7.21982813
3.02357912
6.63109732
0.58873081
134.36686707
92.15319061

1.85714364
1.85714364
2.20689631
0.34975266
0.45976937
1.74712694
0.28985590
0.16991347
0.54347813
0.25362223
3.40909052
2.86561251
5.19480562
1.78571510
9.93788815
4.74308252
3.05958128
6.87830687
5.92592669
2.86634541
3.33333397
2.59259272
3.33333302
0.00000095
5.09803867
1.76470566
1.13851953
3.95951915
25.40322495
24.26470566
41.91176605
16.50854111
21.71945953
20.19230652
2.42915010
19.29030991
5.26315784
2.83400774
3.33333349
1.92982435
6.92307663
3.58974314
3.35985875
3.56321788
6.89655161
3.53669286
6.66666698
0.22988462
2.02898526
4.63768196
0.36231875
1.66666651
1.42276359
1.06044483
1.67247427
0.24971068
0.61776042
1.05471385
2.70270324
2.08494282
2.14830256
0.55440068
1.16550100
0.98280156
0.00000000
1.16550100
1.71990168
1.71990168
0.09652525
1.62337637
1.62337649
1.52685118
0.75757575
0.86580074
2.27272725
1.51515150
188.28480530
148.48062134

4.00000000
4.00000000
1.05882347
2.94117641
1.22549033
0.16666687
0.46296304
0.76252729
3.70370364
3.24074054
2.27272725
1.43097639
2.27272725
0.00000000
3.03030300
0.75757575
0.46620053
2.56410241
2.56410265
2.09790206
3.12500000
0.56089735
6.35080624
3.22580624
8.22580624
1.87500000
10.00000000
1.77419376
5.00000000
5.00000000
-0.00000000
5.00000000
3.57142878
3.57142878
3.57142878
0.00000000
2.94117641
0.63025236
2.94117641
0.00000000
0.00000000
2.94117641
9.09090900
9.09090900
9.09090900
0.00000000
4.00000000
5.09090900
9.55555630
5.55555630
0.89605713
8.65949917
3.42130947
2.52525234
0.54112560
2.88018394
0.86872596
0.32760036
6.38820696
5.51948118
0.90909076
5.47911644
7.64705896
6.73796844
6.53594828
1.11111069
1.38888884
5.14705944
3.92857122
2.53968239
2.23938227
1.68918896
4.75020504
2.51082277
2.82828283
1.92192221
140.86407471
109.32667542

0.54347813
0.54347813
0.14025271
0.40322542
0.90322566
0.76297295
0.57142824
0.33179742
1.42857134
0.85714310
1.11111104
0.31746030
0.39682537
0.71428567
2.38095236
1.98412704
0.75757575
1.62337661
0.75757575
0.00000000
3.57142878
2.81385303
4.76190472
1.19047594
4.76190472
0.00000000
29.61309624
24.85119247
39.37500000
9.76190376
7.50000048
31.87500000
2.74390268
4.75609779
48.21763611
45.47373199
19.94302177
28.27461433
7.79727268
12.14574909
20.43343735
12.63616467
2.94117641
17.49225998
0.08403361
2.85714293
17.14285851
17.05882454
16.42857170
0.71428680
2.67857122
13.75000000
6.25000000
3.57142878
6.97674465
0.72674465
10.68044853
3.70370388
6.48148155
4.19896698
2.77777791
3.70370364
0.00000000
2.77777791
0.42735040
0.42735040
0.47704244
0.04969203
0.11074208
0.36630034
1.82072842
1.70998633
0.44117644
1.37955201
1.20370364
0.76252723
274.63198853
256.56689453

7.40740681
7.40740681
5.55555582
1.85185099
8.33333397
2.77777815
1.66666651
6.66666746
0.47619045
1.19047606
2.47619009
1.99999964
3.30434752
0.82815742
0.36231875
2.94202876
0.83333325
0.47101450
0.60344863
0.22988462
1.34099615
0.73754752
0.00000000
1.34099615
3.81944442
3.81944442
5.92672396
2.10727954
6.55172443
0.62500048
13.12499905
6.57327461
3.12500000
9.99999905
2.08333349
1.04166651
4.71014452
2.62681103
58.49802399
53.78787994
59.74026489
1.24224091
11.84669018
47.89357376
7.84442997
4.00226021
2.28040552
5.56402445
3.12500000
0.84459448
3.57142878
0.44642878
11.90476227
8.33333397
3.07017565
8.83458710
2.03735161
1.03282404
2.48847938
0.45112777
0.00000000
2.48847938
0.53571427
0.53571427
6.25000000
5.71428585
5.55555582
0.69444418
0.79365075
4.76190519
1.48809516
0.69444442
0.69444442
0.79365075
2.32974935
1.63530493
255.75540161
204.98835754

9.09090900
9.09090900
5.90909100
3.18181801
1.36363649
4.54545450
3.11004829
1.74641180
2.41820812
0.69184017
1.26689219
1.15131593
2.05357146
0.78667927
0.31746030
1.73611116
2.02020192
1.70274162
0.39525703
1.62494493
5.12422371
4.72896671
2.31092429
2.81329942
1.52505445
0.78586984
7.40740728
5.88235283
4.54545450
2.86195278
14.54545593
10.00000191
7.14285755
7.40259838
15.35714245
8.21428490
37.50000000
22.14285660
21.77419281
15.72580719
23.22580719
1.45161438
32.50000000
9.27419281
5.14705944
27.35293961
10.50420189
5.35714245
10.36866379
0.13553810
5.92850876
4.44015503
7.29729748
1.36878872
5.83333349
1.46396399
1.84108543
3.99224806
3.73502493
1.89393950
6.43939400
2.70436907
4.80769205
1.63170195
1.02564096
3.78205109
1.02564096
0.00000000
1.80995500
0.78431404
1.80995500
0.00000000
4.83516550
3.02521038
0.98901111
3.84615445
274.30142212
179.32054138

3.33333349
3.33333349
7.87878799
4.54545450
2.32323241
5.55555534
1.11111128
1.21212113
6.03603649
4.92492533
2.70270276
3.33333373
0.00000000
2.70270276
0.00000000
0.00000000
-0.00000000
-0.00000000
0.00000000
0.00000000
-0.00000000
-0.00000000
4.00000000
4.00000000
1.77777767
2.22222233
2.22222233
0.44444466
0.00000000
2.22222233
4.16666698
4.16666698
8.61111164
4.44444466
2.22222257
6.38888931
13.11827850
10.89605618
4.65949869
8.45878029
20.48611069
15.82661247
9.37500000
11.11111069
0.00000000
9.37500000
0.00000000
0.00000000
2.22222233
2.22222233
8.88888931
6.66666698
17.77777863
8.88888931
15.49019623
2.28758240
11.60130692
3.88888931
5.80808067
5.79322624
0.00000000
5.80808067
3.35267568
3.35267568
0.59376585
2.75890970
1.09439158
0.50062573
3.38235283
2.28796124
7.02380991
3.64145708
5.29100513
1.73280478
11.11111164
5.82010651
187.66166687
160.81396484

0.20161271
0.20161271
9.37500000
9.17338753
3.62500024
5.75000000
6.44444370
2.81944346
3.53535366
2.90909004
20.90909195
17.37373734
25.23809624
4.32900429
2.38095260
22.85714340
4.62184858
2.24089599
21.44212341
16.82027435
12.70772171
8.73440170
4.66200495
8.04571724
0.00000000
4.66200495
5.36672640
5.36672640
2.32558131
3.04114509
0.00000000
2.32558131
5.55555582
5.55555582
5.55555582
0.00000000
0.00000000
5.55555582
0.00000000
0.00000000
14.28571510
14.28571510
0.86580068
13.41991425
21.60312843
20.73732758
6.45161247
15.15151596
0.00000000
6.45161247
-0.00000000
-0.00000000
2.94117641
2.94117641
9.19117641
6.25000000
6.25000000
2.94117641
12.50000000
6.25000000
3.22580624
9.27419376
1.31964827
1.90615797
2.59740281
1.27775455
2.49169469
0.10570812
4.43974638
1.94805169
11.86868668
7.42894030
10.12544823
1.74323845
20.90322495
10.77777672
265.00692749
250.65158081

0.00000000
0.00000000
0.41666701
0.41666701
1.02564096
0.60897398
1.02564096
0.00000000
8.33333397
7.30769300
2.50000048
5.83333349
4.16666651
1.66666603
2.77777791
1.38888860
3.01587319
0.23809528
1.90476179
1.11111140
2.15686274
0.25210094
2.94117665
0.78431392
1.12044811
1.82072854
2.93040323
1.80995512
2.93040323
0.00000000
4.76190472
1.83150148
2.94117641
1.82072830
6.94117641
4.00000000
19.07692337
12.13574696
9.44055939
9.63636398
35.06493378
25.62437439
11.42857170
23.63636208
6.77419376
4.65437794
9.81767178
3.04347801
4.09937954
5.71829224
10.00000000
5.90062046
2.85714269
7.14285755
6.29629660
3.43915391
1.43097639
4.86532021
5.05050516
3.61952877
2.77777791
2.27272725
5.40540552
2.62762761
12.24165440
6.83624887
8.55614948
3.68550491
4.09090948
4.46524000
8.44827557
4.35736609
0.11494234
8.33333302
12.42424202
12.30929947
227.28643799
185.19454956

0.32467544
0.32467544
1.28992569
0.96525025
0.96525025
0.32467544
2.23214245
1.26689219
0.67934763
1.55279481
0.98176670
0.30241907
0.58650970
0.39525700
4.92424250
4.33773279
4.16666698
0.75757551
1.43678188
2.72988510
2.35109711
0.91431522
0.71770322
1.63339388
0.26315784
0.45454538
2.05882359
1.79566574
2.05882359
0.00000000
2.14285731
0.08403373
3.69458151
1.55172420
3.44827580
0.24630570
9.09090900
5.64263344
11.52993393
2.43902493
6.69434357
4.83559036
13.92650032
7.23215675
10.77441120
3.15208912
12.59259319
1.81818199
20.00000000
7.40740681
4.54545450
15.45454597
1.21212113
3.33333349
3.33333349
2.12121248
6.66666698
3.33333349
5.55555582
1.11111116
2.55255222
3.00300360
3.34620285
0.79365063
3.57142878
0.22522593
2.77777767
0.79365110
6.56565666
3.78787899
1.51515150
5.05050516
0.67340064
0.84175086
0.64412242
0.02927822
161.89074707
92.04271698

3.24786353
3.24786353
0.00000000
3.24786353
0.64102560
0.64102560
1.19047618
0.54945058
2.14285731
0.95238113
0.55555552
1.58730173
1.34099615
0.78544062
0.00000000
1.34099615
0.51085579
0.51085579
0.09259284
0.41826296
4.37500048
4.28240776
4.19207287
0.18292761
1.01626062
3.17581224
3.78787899
2.77161837
2.59740281
1.19047618
2.59740281
0.00000000
1.21212113
1.38528168
2.22222209
1.01010096
14.25120831
12.02898598
5.59006262
8.66114616
8.73015976
3.14009714
26.02339172
17.29323196
40.46783447
14.44444275
14.64052200
25.82731247
6.28803205
8.35248947
19.46360207
13.17556953
5.07936525
14.38423729
25.71428680
20.63492203
22.32143021
3.39285660
9.58333302
12.73809719
11.22806931
1.64473629
3.89473653
7.33333302
1.72727251
2.16746402
5.72727251
4.00000000
3.65217376
2.07509875
0.00000000
3.65217376
1.90217388
1.90217388
0.56818199
1.33399189
258.57565308
205.46241760

9.52380943
9.52380943
2.01465178
7.50915766
1.01214576
1.00250602
1.97368407
0.96153831
4.16666651
2.19298244
1.19047618
2.97619033
1.94805193
0.75757575
1.62337649
0.32467544
5.15873003
3.53535366
4.44444466
0.71428537
0.00000000
4.44444466
2.00000024
2.00000024
0.00000000
2.00000024
4.29629612
4.29629612
3.70370364
0.59259248
2.85714293
0.84656072
3.80952430
0.95238137
2.50000024
1.30952406
13.25757694
10.75757694
16.23376656
2.97618961
31.14285851
14.90909195
11.49999905
19.64286041
23.31081009
11.81081104
4.14414406
19.16666603
2.02898526
2.11515880
17.62013817
15.59115314
35.22267151
17.60253334
90.48583221
55.26316071
182.79351807
92.30768585
167.73504639
15.05847168
20.55555534
147.17948914
9.69696999
10.85858536
15.03030396
5.33333397
8.00000000
7.03030396
4.00000000
4.00000000
8.00000000
4.00000000
1.74999976
6.25000000
0.69444442
1.05555534
715.42529297
508.84851074

2.81329942
2.81329942
5.88235283
3.06905341
0.00000000
5.88235283
0.00000000
0.00000000
0.00000000
0.00000000
0.00000000
0.00000000
0.00000000
0.00000000
-0.00000000
-0.00000000
15.38461590
15.38461590
15.38461590
0.00000000
5.26315784
10.12145805
10.73684216
5.47368431
11.83333206
1.09648991
4.16666698
7.66666508
8.00000000
3.83333302
1.33333278
6.66666698
3.85964894
2.52631617
13.00309563
9.14344692
3.52941155
9.47368431
22.32558060
18.79616928
1.12269449
21.20288658
6.07985497
4.95716047
7.04583979
0.96598482
6.10599041
0.93984938
2.31092429
3.79506612
3.64145684
1.33053255
6.19047642
2.54901958
6.66666603
0.47618961
3.75000024
2.91666579
4.27631569
0.52631545
4.07470322
0.20161247
6.04838753
1.97368431
3.80434775
2.24403977
3.80434775
0.00000000
2.49999976
1.30434799
0.00000000
2.49999976
0.34482777
0.34482777
3.94088697
3.59605932
195.22370911
153.77149963

15.78947258
15.78947258
0.97465813
14.81481457
1.65691972
0.68226159
4.46224308
2.80532336
5.59006262
1.12781954
1.71428466
3.87577796
4.88888836
3.17460370
7.11111116
2.22222281
5.67741919
1.43369198
0.84889680
4.82852221
1.47368383
0.62478703
0.37209243
1.10159135
8.40210056
8.03000832
7.57363272
0.82846785
4.74308300
2.83054972
19.09090805
14.34782505
21.53846169
2.44755363
1.50501657
20.03344536
10.71789742
9.21288109
37.10819244
26.39029503
17.39130402
19.71688843
14.82720184
2.56410217
6.95970726
7.86749458
1.83150172
5.12820530
1.80995500
0.02154672
2.54901934
0.73906434
6.66666603
4.11764669
3.33333302
3.33333302
0.47619045
2.85714245
0.00000000
0.47619045
7.14285755
7.14285755
4.54545450
2.59740305
0.54545474
3.99999976
4.00000000
3.45454526
7.14285755
3.14285755
15.47619057
8.33333302
2.61904788
12.85714245
2.58928585
0.02976203
261.14505005
224.98139954

0.00000000
0.00000000
11.76470566
11.76470566
2.08728695
9.67741871
3.95894504
1.87165809
4.01069546
0.05175042
4.31372547
0.30303001
9.62963009
5.31590462
0.67340064
8.95622921
8.08080769
7.40740681
4.58937216
3.49143553
12.52588081
7.93650866
14.28571510
1.75983429
1.53609848
12.74961662
6.45161247
4.91551399
7.40469170
0.95307922
0.22727269
7.17741919
20.68181992
20.45454788
3.76940060
16.91241837
14.80836296
11.03896236
50.89286041
36.08449554
5.28846073
45.60440063
20.27972031
14.99125957
15.47911644
4.80060387
5.99294996
9.48616600
3.43249440
2.56045556
0.79744828
2.63504601
0.00000000
0.79744828
3.93939400
3.93939400
1.42857134
2.51082277
5.54112577
4.11255455
1.73160172
3.80952406
1.42857134
0.30303037
0.55555570
0.87301564
2.77777791
2.22222233
3.70370364
0.92592573
0.46296304
3.24074054
4.16666698
3.70370388
18.75000000
14.58333302
277.44839478
289.92160034

5.00000000
5.00000000
10.00000000
5.00000000
16.81818199
6.81818199
3.96103930
12.85714245
6.82027626
2.85923696
13.65591431
6.83563805
20.63063049
6.97471619
4.19384909
16.43678093
1.01419878
3.17965031
0.36764705
0.64655173
0.98684204
0.61919498
5.84795332
4.86111116
3.11111140
2.73684192
5.61904764
2.50793624
4.76190519
0.85714245
7.14285755
2.38095236
9.74026012
2.59740257
2.21987319
7.52038670
1.24584734
0.97402585
17.85714340
16.61129570
6.28571510
11.57142830
32.39024353
26.10452843
32.08255005
0.30769348
38.46154022
6.37899017
18.26923180
20.19230843
25.00000000
6.73076820
16.66666794
8.33333206
0.59523809
16.07143021
0.23809522
0.35714287
3.33333349
3.09523821
3.12500000
0.20833349
1.52616274
1.59883726
1.62085962
0.09469688
0.25252533
1.36833429
4.62963009
4.37710476
5.92592669
1.29629660
10.20833397
4.28240728
2.13815784
8.07017612
343.74380493
228.71324158

1.76470578
1.76470578
2.94117641
1.17647064
3.29768276
0.35650635
1.59489655
1.70278621
1.83066356
0.23576701
4.94071150
3.11004782
1.36363649
3.57707500
5.00000048
3.63636398
2.49999976
2.50000072
1.97368407
0.52631569
1.01214576
0.96153831
0.36630034
0.64584541
1.13871622
0.77241588
2.51716232
1.37844610
0.58479536
1.93236697
0.00000000
0.58479536
3.17460370
3.17460370
1.78571486
1.38888884
7.95454550
6.16883087
6.99300671
0.96153879
0.72765052
6.26535606
3.66795349
2.94030285
1.42857170
2.23938179
6.78571463
5.35714293
5.35714245
1.42857218
24.53416252
19.17702103
1.12721324
23.40695000
11.01851749
9.89130402
7.50000048
3.51851702
14.28571510
6.78571463
4.46428490
9.82143021
18.75000000
14.28571510
9.09090900
9.65909100
160.47430420
151.38339233
150.96057129
9.51373291
18.60465050
132.35592651
0.00000000
18.60465050
0.00000000
0.00000000
491.51150513
463.18951416

2.28758144
2.28758144
1.89075613
0.39682531
3.21428561
1.32352948
4.26470566
1.05042005
3.06905365
1.19565201
2.84280920
0.22624445
1.53846145
1.30434775
0.62500012
0.91346133
1.33928585
0.71428573
1.62337649
0.28409064
0.90909076
0.71428573
1.30434775
0.39525700
0.12422353
1.18012428
1.95488703
1.83066344
4.97076035
3.01587343
3.14009666
1.83066368
0.67934763
2.46074915
3.49264693
2.81329918
0.00000000
3.49264693
6.11764669
6.11764669
6.11764669
0.00000000
3.20855641
2.90909028
1.39860141
1.80995500
4.75113153
3.35253000
0.16339868
4.58773279
1.57004833
1.40664959
10.06211185
8.49206352
114.80519867
104.74308777
119.43573761
4.63053894
3.44827628
115.98746490
9.59925461
6.15097809
2.70270276
6.89655209
100.00000000
97.29729462
78.26087189
21.73912811
21.73913002
56.52174377
26.47058868
4.73145866
26.47058868
0.00000000
0.00000000
26.47058868
575.59216309
501.27447510

2.52525282
2.52525282
3.63636398
1.11111116
1.11111104
2.52525282
3.17460370
2.06349277
4.28571463
1.11111093
1.99999952
2.28571510
3.30434752
1.30434799
1.83066356
1.47368395
2.63157940
0.80091584
2.04678392
0.58479548
1.58730149
0.45948243
0.73260069
0.85470080
1.28205121
0.54945052
1.53846145
0.25641024
0.71428567
0.82417578
0.39682537
0.31746030
1.73611116
1.33928585
1.33928585
0.39682531
4.83193302
3.49264717
4.11764717
0.71428585
2.49999976
1.61764741
4.80769205
2.30769229
7.69230795
2.88461590
20.00000000
12.30769157
45.92592621
25.92592621
23.70370293
22.22222328
6.98412752
16.71957588
8.46560860
1.48148108
15.52706623
7.06145763
42.76018143
27.23311615
19.95798302
22.80219841
3.57142878
16.38655472
6.66666698
3.09523821
28.40579796
21.73913193
23.91304207
4.49275589
23.46711540
0.44592667
0.64102709
22.82608795
52.27272415
51.63169861
382.08532715
288.17144775

19.87179565
19.87179565
5.28846169
14.58333397
2.08333349
3.20512819
0.00000000
2.08333349
5.39215708
5.39215708
2.94117641
2.45098066
3.44827580
0.50709939
11.55172443
8.10344887
20.26315880
8.71143436
1.26315808
19.00000000
7.33333397
6.07017612
11.02564144
3.69230747
14.35897541
3.33333397
4.10256481
10.25641060
2.56410265
1.53846216
9.52380943
6.95970678
5.86080647
3.66300297
20.94017029
15.07936382
25.55555725
4.61538696
6.66666603
18.88889122
20.47619247
13.80952644
18.25396919
2.22222328
7.63888884
10.61507988
11.60714245
3.96825361
10.47619152
1.13095093
7.03703785
3.43915367
7.87036991
0.83333206
11.57407475
3.70370483
2.75624466
8.81783009
2.49169469
0.26454997
5.05226469
2.56057000
5.52845526
0.47619057
4.76190472
0.76655054
5.81280804
1.05090332
6.13026857
0.31746054
20.78853035
14.65826225
19.20122719
1.58730316
0.82101822
18.38020897
348.31320190
246.60780334

0.00000000
0.00000000
11.11111164
11.11111164
3.22580624
7.88530540
8.48896408
5.26315784
0.26315784
8.22580624
220.71427917
220.45112610
257.14285278
36.42857361
34.45887756
222.68397522
10.17316055
24.28571701
4.01785755
6.15530300
2.93560624
1.08225131
10.22727299
7.29166698
1.13636363
9.09090900
12.40530300
11.26893902
1.04166639
11.36363697
2.08333349
1.04166710
3.30882359
1.22549009
2.32198143
0.98684216
53.71120453
51.38922119
58.97436142
5.26315689
4.54545450
54.42890549
13.63636398
9.09090996
7.07070732
6.56565666
13.49206448
6.42135715
11.20448208
2.28758240
11.26255417
0.05807209
14.63414764
3.37159348
4.69512177
9.93902588
5.06097603
0.36585426
5.25328350
0.19230747
6.59340715
1.34012365
0.39682537
6.19658184
4.79798031
4.40115499
6.46464682
1.66666651
10.15015125
3.68550444
0.64350069
9.50665092
7.23809433
6.59459352
3.11111069
4.12698364
827.99279785
772.73339844

1.09649110
1.09649110
7.02380991
5.92731857
9.52380943
2.49999952
0.21505430
9.30875492
4.65949869
4.44444418
6.11111116
1.45161247
5.00000000
1.11111116
2.70270276
2.29729724
5.48048067
2.77777791
2.77777791
2.70270276
3.03030300
0.25252509
1.96969700
1.06060600
5.00000000
3.03030300
9.09090900
4.09090900
12.93706322
3.84615421
3.84615397
9.09090900
21.87500000
18.02884674
6.49038410
15.38461590
27.14932251
20.65893936
24.66793060
2.48139191
17.25105286
7.41687775
8.34782600
8.90322685
38.85714340
30.50931740
37.45173645
1.40540695
14.92921543
22.52252197
20.23809624
5.30888081
4.67033005
15.56776619
16.87344742
12.20311737
36.80352020
19.93007278
15.97402668
20.82949448
8.20276546
7.77126122
9.81767178
1.61490631
3.95256877
5.86510277
5.24475527
1.29218650
6.15384626
0.90909100
0.00000000
6.15384626
3.54838753
3.54838753
4.65949869
1.11111116
413.62335205
284.40527344

4.71014452
4.71014452
5.90062046
1.19047594
11.03896141
5.13834095
11.03896141
0.00000000
3.57142830
7.46753311
1.62337649
1.94805181
2.44755220
0.82417572
0.58275092
1.86480129
3.78787899
3.20512819
4.33333349
0.54545450
5.09090948
0.75757599
0.00000000
5.09090948
1.43540645
1.43540645
1.97368407
0.53827763
2.15517211
0.18148804
1.19363368
0.96153843
1.79487240
0.60123873
2.61904812
0.82417572
1.05042005
1.56862807
11.76470566
10.71428585
12.50000000
0.73529434
5.09259272
7.40740728
2.00200200
3.09059072
1.95712972
0.04487228
1.55172420
0.40540552
1.55172420
0.00000000
0.59113300
0.96059120
0.71428585
0.12315285
1.00732613
0.29304028
0.06410256
0.94322360
0.72580630
0.66170371
7.39247370
6.66666746
1.66666675
5.72580719
0.94827580
0.71839094
7.01970482
6.07142925
6.13553143
0.88417339
1.13960111
4.99593019
4.40440416
3.26480293
134.57733154
92.56010437

4.54545450
4.54545450
4.01069546
0.53475904
1.40056014
2.61013532
6.00414133
4.60358143
1.27877223
4.72536898
3.05010891
1.77133667
1.46425509
1.58585382
0.86378753
0.60046756
1.35338449
0.48959696
1.71052670
0.35714221
0.68181902
1.02870774
1.51515150
0.83333248
10.21505451
8.69990349
19.47431183
9.25925732
7.97720718
11.49710464
3.24283552
4.73437166
17.93169022
14.68885422
13.94009304
3.99159718
10.71428585
3.22580719
0.00000000
10.71428585
0.00000000
0.00000000
0.00000000
0.00000000
0.00000000
0.00000000
0.00000000
0.00000000
0.00000000
0.00000000
0.00000000
0.00000000
0.00000000
0.00000000
0.00000000
0.00000000
0.00000000
0.00000000
0.00000000
0.00000000
0.00000000
0.00000000
0.00000000
0.00000000
0.00000000
0.00000000
0.00000000
0.00000000
0.00000000
0.00000000
0.00000000
0.00000000
0.00000000
0.00000000
0.00000000
0.00000000
111.37413788
90.49692535

1.63800263
1.63800263
1.81818151
0.18017888
1.81818151
0.00000000
0.97751617
0.84066534
0.53763539
0.43988079
1.51515150
0.97751611
0.86580068
0.64935082
0.62656701
0.23923367
2.29202056
1.66545355
2.62096834
0.32894778
2.08333278
0.53763556
0.21929890
1.86403394
5.26315880
5.04385996
0.00000000
5.26315880
2.27596021
2.27596021
3.55965805
1.28369784
4.95195818
1.39230013
7.39098167
2.43902349
10.42128468
3.03030300
9.09090900
1.33037567
0.00000000
9.09090900
0.00000000
0.00000000
5.26315784
5.26315784
5.26315784
0.00000000
0.00000000
5.26315784
0.00000000
0.00000000
0.00000000
0.00000000
0.00000000
0.00000000
0.00000000
0.00000000
0.00000000
0.00000000
0.00000000
0.00000000
0.00000000
0.00000000
0.00000000
0.00000000
0.00000000
0.00000000
0.00000000
0.00000000
0.00000000
0.00000000
0.00000000
0.00000000
0.00000000
0.00000000
70.49288940
51.03680038

0.00000000
0.00000000
0.00000000
0.00000000
0.00000000
0.00000000
0.00000000
0.00000000
0.00000000
0.00000000
0.00000000
0.00000000
0.00000000
0.00000000
0.00000000
0.00000000
0.00000000
0.00000000
0.00000000
0.00000000
0.00000000
0.00000000
5.12820530
5.12820530
5.12820530
0.00000000
0.00000000
5.12820530
0.00000000
0.00000000
6.45161247
6.45161247
20.82111549
14.36950302
0.00000000
20.82111549
56.43939209
56.43939209
29.16666603
27.27272606
0.00000000
29.16666603
24.13792992
24.13792992
24.13792992
0.00000000
0.00000000
24.13792992
48.27585983
48.27585983
58.80217743
10.52631760
6.61654186
52.18563461
5.14285803
1.47368383
2.28571510
2.85714293
1.12781978
1.15789533
5.46558714
4.33776760
2.65251994
2.81306720
2.55839753
0.09412241
1.79211426
0.76628327
4.44444513
2.65233088
1.91919208
2.52525306
2.52525282
0.60606074
2.04678392
0.47846889
317.06628418
343.80316162

0.00000000
0.00000000
0.00000000
0.00000000
0.00000000
0.00000000
0.00000000
0.00000000
0.00000000
0.00000000
0.00000000
0.00000000
0.00000000
0.00000000
0.00000000
0.00000000
0.00000000
0.00000000
0.00000000
0.00000000
0.00000000
0.00000000
0.00000000
0.00000000
0.00000000
0.00000000
0.00000000
0.00000000
0.00000000
0.00000000
0.00000000
0.00000000
0.00000000
0.00000000
0.00000000
0.00000000
0.00000000
0.00000000
0.00000000
0.00000000
0.00000000
0.00000000
11.42857170
11.42857170
7.85714245
3.57142925
5.51948071
2.33766174
0.90909076
4.61038971
25.29411888
24.38502884
38.07189941
12.77778053
2.77777791
35.29412079
11.90476227
9.12698460
4.37430811
7.53045416
2.39018059
1.98412752
3.96825361
1.57807302
2.63975263
1.32850099
1.58102655
1.05872607
0.00000000
1.58102655
0.59288591
0.59288591
2.23266697
1.63978100
2.82555294
0.59288597
124.36747742
121.41842651

0.00000000
0.00000000
0.00000000
0.00000000
0.00000000
0.00000000
0.00000000
0.00000000
0.00000000
0.00000000
0.00000000
0.00000000
0.00000000
0.00000000
0.00000000
0.00000000
0.00000000
0.00000000
0.00000000
0.00000000
0.00000000
0.00000000
0.00000000
0.00000000
0.00000000
0.00000000
0.00000000
0.00000000
0.00000000
0.00000000
0.00000000
0.00000000
25.00000000
25.00000000
1.47058821
23.52941132
23.52941132
22.05882263
0.00000000
23.52941132
0.00000000
0.00000000
0.00000000
0.00000000
3.70370364
3.70370364
7.40740728
3.70370364
0.65359473
6.75381279
11.76470566
11.11111069
0.00000000
11.76470566
8.33333397
8.33333397
3.78787899
4.54545498
9.34343529
5.55555630
5.55555582
3.78787947
4.56989193
0.98566389
0.88987797
3.68001390
1.88834143
0.99846345
1.42857206
0.45976937
2.45613909
1.02756703
0.78947246
1.66666663
1.20689726
0.41742480
113.77881622
162.61245728

3.49999952
3.49999952
4.80769205
1.30769253
24.74012375
19.93243217
24.43243027
0.30769348
11.44827652
12.98415375
20.52144623
9.07316971
0.06968677
20.45175934
7.61904812
7.54936123
0.43290034
7.18614769
3.53535366
3.10245323
5.55555582
2.02020216
12.00000000
6.44444418
12.00000000
0.00000000
2.56410265
9.43589783
6.56410217
3.99999952
11.38461590
4.82051373
7.69230795
3.69230795
11.02564144
3.33333349
9.21568680
1.80995464
1.00430441
8.21138191
0.52735692
0.47694749
5.40540552
4.87804842
4.54545450
0.85995102
17.04545403
12.50000000
9.55882359
7.48663044
0.37707388
9.18174934
5.06410265
4.68702888
0.00000000
5.06410265
2.50000000
2.50000000
0.00000000
2.50000000
0.00000000
0.00000000
0.00000000
0.00000000
2.77777791
2.77777791
5.71895409
2.94117618
6.73624277
1.01728868
22.17741966
15.44117737
15.83333302
6.34408665
7.87878799
7.95454502
286.25942993
215.77340698

14.90196323
14.90196323
0.00000000
14.90196323
15.50802326
15.50802326
17.59530830
2.08728504
1.43369210
16.16161537
4.27350473
2.83981276
7.05128241
2.77777767
0.23809522
6.81318712
0.51948059
0.28138536
5.51948071
5.00000000
8.92857170
3.40909100
7.95454550
0.97402620
2.27272725
5.68181801
3.69318199
1.42045474
5.90277767
2.20959568
31.72514725
25.82236862
19.26994896
12.45519829
9.67741871
9.59253025
4.00000000
5.67741871
29.00000000
25.00000000
100.00000000
71.00000000
64.47368622
35.52631378
5.39811087
59.07557678
1.79487169
3.60323906
1.92982447
0.13495278
5.26315784
3.33333349
0.00000000
5.26315784
4.00000000
4.00000000
4.00000000
0.00000000
-0.00000000
4.00000000
0.00000000
0.00000000
7.69230795
7.69230795
0.00000000
7.69230795
10.39501095
10.39501095
7.70270300
2.69230795
7.94117689
0.23847389
1.22549033
6.71568680
11.06321812
9.83772755
422.34469604
404.71600342

3.12500000
3.12500000
0.00000000
3.12500000
1.38888884
1.38888884
2.02020192
0.63131309
0.00000000
2.02020192
3.40909052
3.40909052
15.53030300
12.12121201
15.53030300
0.00000000
1.01351285
14.51679039
6.84684610
5.83333302
2.66666698
4.18017912
0.34782624
2.31884074
8.15217304
7.80434704
7.50000048
0.65217257
24.54545593
17.04545593
14.89028358
9.65517235
2.65251994
12.23776340
11.14058304
8.48806286
19.35736656
8.21678352
10.90909100
8.44827557
0.65217388
10.25691700
0.89955032
0.24737644
3.44827580
2.54872561
7.14285755
3.69458175
0.54945052
6.59340715
16.38796043
15.83850956
3.81760383
12.57035637
8.58175278
4.76414871
3.70370364
4.87804890
3.57142878
0.13227487
1.44376922
2.12765956
2.12765956
0.68389034
0.00000000
2.12765956
3.84615397
3.84615397
0.81585085
3.03030300
0.54112560
0.27472526
6.51260519
5.97147942
0.44117644
6.07142878
215.50920105
210.87551880

7.57575798
7.57575798
7.57575798
0.00000000
2.02020192
5.55555630
1.11111104
0.90909088
3.79310322
2.68199205
0.49261153
3.30049181
4.28571463
3.79310322
0.32258108
3.96313357
1.43369210
1.11111104
6.34920597
4.91551399
5.58292294
0.76628304
2.01149440
3.57142854
2.77777791
0.76628351
0.89605713
1.88172078
6.45161247
5.55555534
6.25000000
0.20161247
9.37500000
3.12500000
19.09722328
9.72222328
22.22222328
3.12500000
4.76190472
17.46031952
7.88690472
3.12500000
14.37500000
6.48809528
14.99999905
0.62499905
2.50000000
12.49999905
-0.00000000
2.50000000
0.00000000
0.00000000
0.00000000
0.00000000
2.77777791
2.77777791
6.00358391
3.22580600
0.44802856
5.55555534
6.94444466
6.49641609
4.16666698
2.77777767
3.33333349
0.83333349
1.00775218
2.32558131
2.93757653
1.92982435
5.26315784
2.32558131
0.00000000
5.26315784
4.16666698
4.16666698
191.19683838
142.89675903

3.17460370
3.17460370
2.52100897
0.65359473
1.76470578
0.75630319
1.11111104
0.65359473
3.41880322
2.30769205
2.65251994
0.76628327
2.23672009
0.41579986
11.23310757
8.99638748
31.12500000
19.89189148
17.74359131
13.38140869
3.58974338
14.15384769
1.90476215
1.68498123
14.76190567
12.85714340
21.90476227
7.14285660
2.38095236
19.52380943
5.26849079
2.88753843
5.26849079
0.00000000
9.52380943
4.25531864
4.16666698
5.35714245
1.72764254
2.43902445
8.32137775
6.59373522
10.42780685
2.10642910
1.68831182
8.73949528
2.40601516
0.71770334
1.69172919
0.71428597
3.57142878
1.87969959
0.00000000
3.57142878
2.94117641
2.94117641
5.38020039
2.43902397
2.43902421
2.94117618
2.70270276
0.26367855
1.00100100
1.70170176
3.70370364
2.70270252
0.00000000
3.70370364
2.32558131
2.32558131
6.37007046
4.04448891
12.13768005
5.76760960
30.20833206
18.07065201
244.79454041
192.52346802

17.31601715
17.31601715
3.03030300
14.28571415
5.26315784
2.23285484
2.40601516
2.85714269
0.71428585
1.69172931
3.57142878
2.85714293
7.14285755
3.57142878
7.14285755
0.00000000
2.77777791
4.36507988
0.79365093
1.98412704
1.07142866
0.27777773
2.50000000
1.42857134
0.00000000
2.50000000
21.73913002
21.73913002
13.55498886
8.18414116
37.73314285
24.17815399
5.89430904
31.83883286
8.33333397
2.43902493
8.69565201
0.36231804
37.72790909
29.03225708
29.03225708
8.69565201
8.00000000
21.03225708
1.18181777
6.81818199
29.89510536
28.71328735
15.93406487
13.96104050
38.69047928
22.75641441
70.83333588
32.14285660
39.28571320
31.54762268
11.05990887
28.22580338
9.89247322
1.16743565
4.87179470
5.02067852
7.19063568
2.31884098
7.41688013
0.22624445
7.91855145
0.50167131
4.84949827
3.06905317
7.97101498
3.12151670
7.84313774
0.12787724
12.00980282
4.16666508
501.28469849
386.75460815

1.09649110
1.09649110
8.33333302
7.23684216
8.33333302
0.00000000
7.50000048
0.83333254
9.78494549
2.28494501
6.45161247
3.33333302
4.16666698
2.28494549
4.16666698
0.00000000
0.00000000
4.16666698
0.00000000
0.00000000
3.03030300
3.03030300
0.09469688
2.93560600
0.09469688
0.00000000
5.59440565
5.49970865
2.56410265
3.03030300
2.22222233
0.34188032
5.25252533
3.03030300
6.47857952
1.22605419
6.55172443
0.07314491
18.57143021
12.01970577
20.87912178
2.30769157
5.12820578
15.75091553
2.08706021
3.04114556
42.15116119
40.06410217
37.50000000
4.65116119
8.69565201
28.80434799
1.64917564
7.04647636
10.34482765
8.69565201
13.63636398
3.29153633
1.13636398
12.50000000
21.87500000
20.73863602
20.18581009
1.68918991
0.46598315
19.71982765
5.78420401
5.31822109
8.02092361
2.23671961
2.84494972
5.17597389
7.50279951
4.65784979
0.13726801
7.36553144
310.31262207
245.47856140

14.42307663
14.42307663
114.16666412
99.74359131
106.66667175
7.49999237
3.33333349
103.33333588
2.17391300
1.15942049
5.74534178
3.57142878
10.23809624
4.49275446
17.19298363
6.95488739
10.52631569
6.66666794
2.63157892
7.89473677
2.63157892
0.00000000
5.26315784
2.63157892
2.14424944
3.11890841
3.05958128
0.91533184
4.34782600
1.28824472
0.00000000
4.34782600
0.00000000
0.00000000
8.33333397
8.33333397
12.17948723
3.84615326
33.67071915
21.49123192
23.68421173
9.98650742
12.55060768
11.13360405
11.17216110
1.37844658
25.69786644
14.52570534
13.79310322
11.90476322
0.00000000
13.79310322
16.66666794
16.66666794
27.47747803
10.81081009
10.81081104
16.66666794
0.00000000
10.81081104
18.75000000
18.75000000
16.42441940
2.32558060
2.32558131
14.09883785
6.66666698
4.34108543
6.23655844
0.43010855
2.18893957
4.04761887
6.52709389
4.33815432
1.45190656
5.07518721
561.15203857
472.79623413

114.82558441
114.82558441
4.80769205
110.01789093
7.69230795
2.88461590
0.00000000
7.69230795
0.00000000
0.00000000
0.00000000
0.00000000
0.00000000
0.00000000
0.00000000
0.00000000
3.03030300
3.03030300
6.60173130
3.57142830
9.45378208
2.85205078
9.72850704
0.27472496
3.84615397
5.88235283
19.51219368
15.66603947
30.62330437
11.11111069
4.44444418
26.17885971
14.35897541
9.91453171
3.84615397
10.51282120
1.86813176
1.97802222
5.71428585
3.84615421
0.00000000
5.71428585
5.55555582
5.55555582
23.73737335
18.18181801
5.34759331
18.38978004
32.62032318
27.27272987
5.86510277
26.75522041
1.53609848
4.32900429
17.91979980
16.38370132
17.15789413
0.76190567
12.33333397
4.82456017
4.16666651
8.16666794
9.37500000
5.20833349
6.87500000
2.50000000
0.52631569
6.34868431
1.83066356
1.30434787
2.63504601
0.80438244
6.43939400
3.80434799
0.00000000
6.43939400
394.27471924
492.98352051

4.44444418
4.44444418
0.43010861
4.01433563
8.97177505
8.54166603
11.34868431
2.37690926
0.84889680
10.49978733
2.32258058
1.47368383
2.90909028
0.58650970
0.39525703
2.51383328
0.58754456
0.19228753
0.60810745
0.02056289
3.02631569
2.41820812
3.11890841
0.09259272
1.34680128
1.77210712
38.06060410
36.71380234
40.88888931
2.82828522
19.68254089
21.20634842
3.57142973
16.11111069
15.47619057
11.90476036
6.19047642
9.28571415
0.39215702
5.79831934
3.72549081
3.33333373
6.66666698
2.94117618
0.00000000
6.66666698
2.32558131
2.32558131
2.32558131
0.00000000
-0.00000000
2.32558131
0.00000000
0.00000000
0.00000000
0.00000000
7.14285755
7.14285755
3.80952406
3.33333349
1.01449263
2.79503155
1.90880191
0.89430928
2.43902421
0.53022230
5.12820530
2.68918109
1.55677652
3.57142878
6.51260519
4.95582867
9.00178242
2.48917723
6.06060600
2.94117641
224.23880005
191.73014832

0.00000000
0.00000000
4.03508806
4.03508806
2.63157892
1.40350914
0.00000000
2.63157892
3.33333349
3.33333349
1.31782925
2.01550436
2.32558131
1.00775206
0.30599758
2.01958370
0.39872414
0.09272656
7.19697046
6.79824638
4.16666698
3.03030348
0.00000000
4.16666698
0.00000000
0.00000000
3.33333349
3.33333349
8.57142830
5.23809481
24.40476036
15.83333206
5.83333302
18.57142639
8.93939400
3.10606098
1.57342660
7.36596727
4.72527504
3.15184832
19.68254089
14.95726585
6.56565666
13.11688423
13.63636398
7.07070732
25.87412643
12.23776245
7.69230795
18.18181801
0.00000000
7.69230795
6.45161247
6.45161247
1.45161259
5.00000000
0.26315784
1.18845475
1.41700399
1.15384614
4.26195383
2.84494972
0.00000000
4.26195383
0.98280162
0.98280162
2.02020192
1.03740025
0.00000000
2.02020192
0.58479536
0.58479536
10.52631569
9.94152069
15.62500000
5.09868431
200.12817383
200.95732117

